192389,
 54738,
 585567,
 611873,
 481511,
 30454,
 397704,
 152730,
 269431,
 472389,
 678796,
 240533,
 534265,
 611402,
 157200,
 55374,
 376523,
 851679,
 620744,
 72681,
 669317,
 204811,
 233305,
 908257,
 517015,
 686137,
 309811,
 364254,
 422894,
 611814,
 789941,
 840331,
 894377,
 304421,
 796117,
 872232,
 594448,
 344878,
 567359,
 113473,
 524754,
 786295,
 479865,
 329998,
 139729,
 308724,
 116434,
 571481,
 74584,
 911689,
 28240,
 309230,
 246150,
 731580,
 694470,
 555871,
 742564,
 167086,
 261449,
 793669,
 792905,
 874245,
 224078,
 526888,
 913030,
 901282,
 549248,
 151161,
 802427,
 681916,
 556330,
 631362,
 301971,
 574788,
 659904,
 210830,
 139738,
 325129,
 921645,
 342808,
 827567,
 492211,
 133025,
 689374,
 319665,
 81172,
 435091,
 336655,
 65559,
 84078,
 786174,
 491554,
 202233,
 610727,
 916657,
 885015,
 448731,
 400221,
 180315,
 838772,
 501541,
 430257,
 435787,
 105639,
 607402,
 292967,
 875101,
 376122,
 157244,
 276611,
 387683,
 556440,
 447259,
 704776,
 281897,
 341222,
 479652,
 500941,
 862183,
 542485,
 168632,
 109136,
 234133,
 219573,
 235303,
 312791,
 61719,
 478268,
 132404,
 86374,
 51533,
 219742,
 389428,
 116112,
 319555,
 447265,
 733852,
 690523,
 648046,
 410112,
 921442,
 45702,
 905946,
 560613,
 110394,
 673517,
 326181,
 340942,
 84246,
 284610,
 729923,
 95844,
 451451,
 514009,
 405354,
 609485,
 458890,
 442071,
 520201,
 396300,
 148408,
 488684,
 687310,
 683452,
 148657,
 562020,
 317394,
 81577,
 165709,
 288701,
 681766,
 168478,
 368731,
 810861,
 915288,
 879818,
 393046,
 239582,
 611583,
 424176,
 849812,
 839161,
 165986,
 160975,
 815941,
 689603,
 127336,
 523325,
 204490,
 258241,
 699109,
 919295,
 916619,
 513011,
 540826,
 366701,
 356476,
 582814,
 69518,
 907362,
 760138,
 140396,
 802098,
 215682,
 82312,
 128461,
 481576,
 329664,
 449212,
 234609,
 74448,
 530478,
 892216,
 295271,
 652288,
 148590,
 104515,
 358946,
 627118,
 506525,
 879715,
 222873,
 308359,
 305210,
 530690,
 193543,
 837747,
 452161,
 107249,
 300491,
 125393,
 654068,
 379230,
 792862,
 266742,
 423498,
 353661,
 309511,
 447855,
 543650,
 399301,
 690533,
 809630,
 701376,
 389666,
 100776,
 289250,
 268614,
 415043,
 353213,
 582230,
 641236,
 689020,
 682290,
 662742,
 195017,
 259988,
 197188,
 394301,
 29860,
 552066,
 829675,
 427917,
 408624,
 902210,
 366523,
 581417,
 394123,
 334791,
 55667,
 532559,
 571584,
 529888,
 94990,
 702047,
 80456,
 215956,
 58877,
 216012,
 496858,
 727943,
 239752,
 93960,
 513407,
 137638,
 796829,
 559417,
 140542,
 284855,
 160362,
 842553,
 399046,
 493068,
 34816,
 151462,
 702136,
 744439,
 266037,
 712505,
 345139,
 798412,
 162369,
 66334,
 116473,
 169996,
 786035,
 113624,
 133550,
 878270,
 698541,
 790511,
 920613,
 590391,
 466370,
 425334,
 724883,
 352378,
 236812,
 634566,
 922066,
 451178,
 300441,
 567586,
 510431,
 296352,
 610002,
 183007,
 624110,
 408854,
 355478,
 69699,
 64067,
 848246,
 223486,
 50707,
 294118,
 143420,
 38064,
 42062,
 145094,
 333850,
 200145,
 534068,
 279529,
 487552,
 892776,
 140883,
 587870,
 728204,
 522361,
 131428,
 774651,
 893905,
 298406,
 720116,
 30507,
 124029,
 662115,
 808379,
 620573,
 732970,
 430560,
 606577,
 523078,
 900914,
 353353,
 813896,
 405204,
 298829,
 336390,
 748109,
 496577,
 729843,
 424232,
 483304,
 572338,
 764022,
 136905,
 159718,
 433803,
 892924,
 608999,
 135966,
 117365,
 908192,
 38498,
 198321,
 66806,
 48868,
 393092,
 148932,
 333321,
 82578,
 113017,
 749777,
 407505,
 36550,
 300126,
 540424,
 31275,
 874764,
 896531,
 200514,
 448656,
 239516,
 466158,
 663348,
 612189,
 470567,
 192945,
 463198,
 186846,
 436687,
 377720,
 326847,
 836876,
 189666,
 93678,
 644806,
 168818,
 37403,
 530982,
 76266,
 83555,
 461557,
 543173,
 458198,
 669156,
 896104,
 29649,
 652998,
 227967,
 724791,
 575142,
 483785,
 365899,
 330091,
 487165,
 520216,
 180096,
 26951,
 450310,
 920364,
 548184,
 169966,
 509479,
 474824,
 407639,
 147167,
 145071,
 56586,
 207767,
 176583,
 905757,
 355598,
 259916,
 104113,
 847845,
 403739,
 422461,
 881158,
 301924,
 94196,
 57431,
 859931,
 502812,
 293200,
 85825,
 184566,
 145647,
 403687,
 418913,
 213428,
 475120,
 255039,
 778774,
 39692,
 903583,
 731127,
 432067,
 848074,
 410074,
 111807,
 238410,
 586439,
 679341,
 299763,
 466501,
 515647,
 689131,
 474234,
 270939,
 228729,
 333212,
 357818,
 78982,
 253006,
 556801,
 557216,
 427875,
 70561,
 739198,
 681731,
 547994,
 236311,
 256004,
 172425,
 558272,
 388909,
 254274,
 372599,
 299886,
 213454,
 374532,
 373723,
 769983,
 721236,
 736157,
 304166,
 620195,
 587455,
 305374,
 806019,
 293992,
 767405,
 570186,
 444705,
 552019,
 382449,
 866821,
 278577,
 750493,
 273085,
 382891,
 337406,
 650562,
 51996,
 258639,
 39552,
 174328,
 533450,
 693535,
 371312,
 370817,
 368555,
 83409,
 207628,
 150078,
 498449,
 309175,
 483756,
 706693,
 216468,
 385507,
 575344,
 312308,
 42653,
 61330,
 526483,
 880832,
 67961,
 623167,
 382666,
 721211,
 338916,
 892991,
 212923,
 55239,
 481693,
 334320,
 409111,
 148174,
 499776,
 769584,
 30027,
 368410,
 99558,
 425125,
 220169,
 332138,
 548669,
 303964,
 596267,
 451607,
 793502,
 414304,
 431199,
 774061,
 393851,
 80523,
 434038,
 702917,
 600796,
 76128,
 114546,
 353348,
 578262,
 497141,
 505714,
 288338,
 750623,
 180670,
 186094,
 406576,
 68226,
 866798,
 55056,
 882533,
 310923,
 443846,
 398858,
 124373,
 659115,
 107625,
 641319,
 859326,
 152967,
 338055,
 335038,
 451214,
 535769,
 853182,
 132231,
 161302,
 774589,
 305888,
 55606,
 78542,
 763698,
 348032,
 179248,
 87238,
 146739,
 696930,
 567167,
 296817,
 568161,
 447402,
 274390,
 94523,
 786816,
 501251,
 511541,
 892609,
 808862,
 363033,
 604731,
 399728,
 242787,
 463591,
 85811,
 346084,
 60845,
 70358,
 152821,
 881933,
 130749,
 505549,
 475199,
 669620,
 66790,
 64764,
 545057,
 207168,
 118046,
 543703,
 615559,
 430669,
 127501,
 772266,
 548055,
 380514,
 397830,
 457825,
 789585,
 157860,
 264556,
 458326,
 340979,
 915973,
 474971,
 333790,
 829050,
 588917,
 452611,
 375309,
 640818,
 658278,
 72652,
 651303,
 31586,
 75612,
 284300,
 369231,
 74205,
 654002,
 185255,
 429397,
 909505,
 37956,
 337757,
 638213,
 185433,
 101819,
 293584,
 632342,
 355939,
 106827,
 317243,
 268087,
 563168,
 111697,
 611575,
 388381,
 112003,
 495077,
 182871,
 146514,
 500734,
 535403,
 393625,
 560099,
 70685,
 870969,
 53666,
 63500,
 156720,
 749910,
 521143,
 808025,
 437379,
 365878,
 648053,
 495115,
 178785,
 470430,
 421540,
 713006,
 619165,
 96667,
 327460,
 679125,
 46235,
 513772,
 259551,
 302255,
 228455,
 465937,
 160588,
 229603,
 839213,
 466418,
 180602,
 579544,
 84939,
 389830,
 623794,
 627364,
 445006,
 861555,
 864688,
 331634,
 551740,
 163306,
 152975,
 812863,
 155687,
 62049,
 371552,
 278399,
 358626,
 811197,
 406227,
 212081,
 77510,
 495654,
 853090,
 386722,
 513221,
 340694,
 79055,
 122133,
 295140,
 275238,
 323451,
 170252,
 721711,
 400107,
 622520,
 59377,
 50361,
 869529,
 534207,
 202860,
 291844,
 61500,
 456736,
 79616,
 631271,
 221999,
 846771,
 300016,
 718361,
 246583,
 745997,
 651620,
 356062,
 262744,
 365324,
 228662,
 494641,
 389128,
 455221,
 316508,
 250300,
 698370,
 900038,
 291299,
 547749,
 239508,
 90064,
 265280,
 240048,
 858241,
 774504,
 864880,
 361030,
 66046,
 768300,
 29322,
 348065,
 682074,
 738568,
 377924,
 424496,
 376018,
 391277,
 148345,
 81045,
 56220,
 483595,
 513524,
 226832,
 831368,
 81287,
 299728,
 414823,
 343831,
 208308,
 358776,
 294523,
 671155,
 731802,
 47780,
 234739,
 433477,
 397541,
 457230,
 162260,
 279657,
 770128,
 431890,
 91417,
 124174,
 360278,
 108543,
 122788,
 94910,
 506704,
 79117,
 141443,
 919930,
 256198,
 725310,
 155451,
 449067,
 380443,
 205548,
 826530,
 141707,
 790299,
 83224,
 726262,
 872900,
 835277,
 812626,
 471954,
 429231,
 418854,
 31835,
 587376,
 466963,
 882475,
 917496,
 40116,
 114348,
 527625,
 411489,
 706764,
 139168,
 388467,
 906197,
 114080,
 197010,
 179976,
 205144,
 319230,
 681493,
 472347,
 340181,
 677731,
 43495,
 762276,
 210948,
 95850,
 800005,
 668067,
 311112,
 39135,
 740316,
 255747,
 742586,
 756545,
 451039,
 363097,
 300286,
 372644,
 718476,
 116593,
 530113,
 339188,
 166889,
 248344,
 373199,
 206973,
 344460,
 340768,
 490634,
 702563,
 248535,
 270564,
 742203,
 255022,
 921666,
 389586,
 89160,
 72323,
 431905,
 521507,
 96334,
 726186,
 383481,
 251633,
 312407,
 34553,
 617805,
 429111,
 464780,
 211207,
 748209,
 304546,
 516596,
 725100,
 596824,
 84932,
 543900,
 835121,
 599611,
 919996,
 62331,
 160885,
 476364,
 29135,
 622845,
 584934,
 410166,
 27522,
 347016,
 877950,
 470061,
 673133,
 499996,
 466121,
 85977,
 664469,
 247566,
 256042,
 433053,
 238759,
 464844,
 85085,
 442259,
 393677,
 447937,
 711518,
 380800,
 430889,
 588188,
 479935,
 209842